0.20497 -0.036408 -0.013255 0.15787
0.2838 0.042771 0.36522 -0.084483
0.19201 -0.042926 -0.15165 0.012872
0.24591 0.002668 -0.29167 -0.12352
0.048063 0.49991 0.03409 0.0031193
0.049727 0.4907 0.046426 0.025029
0.03005 -0.049578 -0.16414 0.19557
0.31293 0.049756 0.46212 -0.19345
-0.022096 -0.058478 0.12391 0.14872
0.024126 -0.024931 0.090923 -0.33393
0.10746 -0.056623 -0.31496 0.1515
0.0044053 0.025811 -0.38211 0.031077
-0.36017 -0.18165 0.090207 0.091476
0.32632 -0.029979 0.0033667 -0.011984
-0.14028 0.34764 -0.048409 0.16306
-0.12631 -0.098693 -0.055075 -0.25433
0.27131 -0.03108 -0.085558 -0.052909
-0.022543 0.088569 -0.15371 -0.083294
0.31736 -0.01625 0.063467 0.087502
0.014364 -0.034382 0.016337 -0.37209
0.13723 -0.0089207 -0.24125 -0.08688
0.14751 0.29349 0.22035 0.043699
0.015307 0.24982 -0.027271 -0.073518
0.031438 0.34686 -0.11454 -0.096821
-0.13101 0.22471 -0.045682 0.12232
-0.10118 0.020092 -0.26425 0.017418
-0.27778 0.0064921 -0.088516 -0.066779
0.029411 0.021074 -0.16155 -0.090826
-0.10012 -0.047004 0.0049295 -0.33931
-0.23771 0.053175 -0.049348 -0.113
0.052844 0.0091852 0.10886 -0.3481
0.16612 0.017055 -0.0037441 0.11416
0.048126 0.018042 0.015698 -0.41519
