-0.99948 3.0877 0.12174 -0.62647
2.9577 -2.5718 -0.55907 -1.4569
1.9144 -1.3203 -0.95079 -1.3493
3.3394 -2.5047 0.054276 -2.1742
2.4285 -2.4901 -1.267 -1.3409
4.8207 -1.4224 0.20744 0.040447
3.6438 -2.7029 -1.1939 0.17397
3.0714 -1.4177 -1.6205 0.42288
3.3071 -2.971 -1.83 0.45255
4.2076 -2.4319 -0.28573 0.66327
3.2789 -2.7304 -2.4661 1.7657
3.5495 -2.7237 -1.7168 -0.19149
3.7552 -0.88341 -1.3832 1.9391
3.9688 0.16804 0.23344 2.777
4.2653 0.25967 0.48201 1.3573
2.8741 -1.0738 -1.5357 0.811
3.3787 -0.51885 -1.2 1.8668
2.5153 -1.2685 -1.8794 1.0247
3.4575 -2.1917 -1.085 1.1175
3.7424 -1.2872 -1.13 1.406
1.8745 1.9752 -0.73947 2.039
3.3828 0.091316 0.59072 1.3134
4.665 -1.4636 1.2522 -0.4767
3.5767 -1.2317 -1.3517 2.6694
4.1434 -1.5793 2.3068 -0.91936
2.9157 -1.1875 1.9998 -0.5177
2.8576 -0.17101 1.3993 0.39993
2.3703 -2.2702 -1.6827 0.057989
2.2876 0.33303 -1.2738 0.90154
3.2999 -2.0991 -2.3475 -0.17342
3.5872 -1.2578 -3.0414 1.7513
4.6387 -1.5969 -2.7599 -1.123
4.1565 -0.16287 -1.1965 1.9508
3.6585 -0.3393 -0.2308 1.8022
1.0002 0.012407 -0.41412 1.2301
3.5343 -0.85723 -1.6764 0.91052
2.0252 -1.1235 -1.7586 1.2044
3.0418 -1.6879 -2.4914 1.7788
3.3635 -0.6939 0.33902 0.071771
4.8347 -0.34971 2.0616 1.1708
2.9823 -1.5958 -0.487 1.4233
-0.22955 1.6801 -0.48066 1.0168
0.90432 -0.65025 -2.2911 -3.3541
1.2608 -0.20736 -2.9382 0.4119
0.11191 -1.6288 -2.8911 -2.1436
0.063697 -0.36574 -3.64 -0.62436
2.1908 -0.45128 -2.8622 1.0127
3.04 -1.3866 -3.3741 0.17554
2.4746 -0.15028 -2.0229 -0.43356
-0.8278 1.2282 -0.93419 -1.6398
1.7993 -0.66952 -2.4252 0.70561
2.884 -1.0739 -3.8333 0.29953
2.0195 -0.99872 -3.0703 -1.386
1.7029 -0.20097 -3.2415 -1.4664
2.4241 -0.45003 -2.7822 -0.77855
1.217 -0.35167 -3.9337 -2.8255
2.8143 -1.2366 -4.0135 0.47852
1.6888 -0.73616 -3.6154 0.34298
-0.61245 0.65292 -1.3628 -0.8097
-0.18011 1.7193 -1.1792 -0.2556
1.0061 -1.4142 -1.4462 -0.55431
2.9405 -1.9889 -2.9268 0.29113
2.1852 -1.0857 -1.9464 0.86426
2.8532 0.067291 -4.0832 0.50999
3.3867 -0.62145 -2.5583 -0.63251
4.0425 -0.0026967 -1.4292 0.27278
3.2665 1.5834 -0.47228 -0.40827
2.0991 0.095938 -0.76926 0.034972
3.1453 0.60553 -1.962 0.31814
2.8757 -0.47121 -1.3536 0.60618
2.8436 -1.568 -2.7388 0.97133
2.6521 -0.97759 -2.6884 1.1888
2.0492 -1.031 -1.8271 1.1941
2.5065 -1.6633 -3.1199 -0.42747
2.7046 -1.2142 -2.966 -0.20616
2.6565 -1.0736 -1.1231 0.82731
1.9586 -0.5556 -0.96008 1.8039
2.887 -2.0569 -1.4199 1.6505
1.2788 -2.2359 -2.5554 1.6337
1.5207 -1.6838 -1.4018 0.59349
2.1769 -2.5525 -3.3482 0.24822
-0.15568 -1.7764 -1.9284 0.88422
1.4984 0.2669 -0.7717 -0.96698
2.502 -1.6789 -1.3033 0.60037
0.69948 -1.6482 -1.4756 0.66537
1.3794 -1.685 -1.8702 0.5327
2.2956 -1.8754 -1.8511 1.0725
4.4324 -1.8211 -2.9458 1.515
3.0276 -1.3385 -2.31 1.4568
2.5401 -1.9363 -2.2692 1.5372
0.9898 -1.7285 -2.1642 1.1096
-0.1167 1.3752 -0.94782 1.1788
2.8176 0.022988 -2.5188 0.71307
1.5361 0.073238 -0.35637 1.2695
1.1647 0.1221 -1.7476 -0.045823
1.9572 -1.3106 -2.2098 0.85978
1.3067 -1.089 -1.2457 1.4944
0.3344 -1.2498 -1.5084 0.81556
2.5137 -1.9253 -2.1957 1.7686
1.5757 -1.4899 0.22919 2.1901
2.8974 -1.5683 -0.27705 0.33538
3.0663 -1.4335 -1.3885 1.6696
1.5873 -2.2013 -3.683 0.68807
1.3572 -0.7657 -0.82472 0.65556
2.1716 -1.8204 -1.5426 1.3661
1.111 -1.4861 -2.4426 1.4732
1.6668 -0.58106 -1.3405 0.30465
2.1946 0.12231 -1.568 0.78202
1.355 -0.80428 -1.2891 1.1993
2.0936 -1.8478 -3.1938 0.015034
3.4845 -0.79418 -2.5645 1.1677
1.2401 -1.4153 -0.98423 1.2491
1.4582 -0.37428 -1.2392 1.3478
2.0143 -0.37887 -1.3911 -0.54963
1.9218 0.029847 -0.47269 0.94454
1.2386 -0.25383 -0.28107 1.2799
3.3169 -1.0401 -2.2254 0.78275
2.0874 -1.9882 -2.0632 1.4338
3.0681 -1.5456 -1.8162 0.61722
1.9204 0.21559 -1.6043 -0.83556
4.8403 -0.55694 0.29889 1.0423
3.2685 -1.1463 -1.7634 1.3435
2.065 0.65123 -1.9081 2.0417
2.9963 -2.2491 -3.7045 3.9455
4.1935 -2.5586 -2.9377 3.0087
5.3663 -2.625 -5.2211 3.5111
2.2298 -2.4988 -3.3154 3.1529
3.9454 -2.6304 -2.5938 4.2588
2.552 -2.3033 -1.8361 3.2168
4.9638 -2.5049 -3.7535 2.5537
2.28 -2.2807 -2.1985 3.0565
3.5392 -2.676 -3.6071 2.4888
4.6082 -1.1127 -2.6984 3.5661
3.6385 0.10928 -2.4074 2.931
3.7965 -0.88736 -2.5306 4.4417
3.2224 -1.3206 -3.0389 2.5301
2.8803 -2.4798 -3.7541 2.4398
4.6095 -2.1475 -3.0951 2.8094
4.082 -0.34464 -2.7459 1.9871
3.1495 -0.81349 -2.3663 2.5376
2.3132 -2.1527 -2.6237 2.3149
3.9322 -2.6741 -3.9902 1.8243
5.0201 -1.7949 -1.1164 1.4311
4.0945 -2.2434 -1.788 1.9379
4.6816 -1.8611 -1.9581 2.8125
1.6376 -0.82587 -0.8126 2.7376
-0.52736 -1.5777 -1.3635 2.1319
0.76082 -0.87675 -2.0127 2.8221
1.5332 -1.5731 -2.1615 2.0872
-0.93514 -1.2647 0.63149 4.4653
1.5689 -1.8481 -0.12023 3.4677
2.2825 -2.3664 -3.4493 2.1865
2.4212 1.309 1.4788 -0.21393
2.2163 -1.346 -1.301 1.1582
1.5865 -1.6912 -0.88164 0.96133
1.9522 -1.3768 1.3087 -0.71915
1.9995 -0.48878 0.54311 -0.3032
2.9371 -0.29004 0.096402 -0.35255
2.4604 -0.94556 -1.0359 0.81744
2.5515 -2.524 -0.13779 0.95943
5.1301 -1.238 1.6766 -0.85886
2.0195 -0.53066 0.53093 -0.34074
3.6162 -1.1431 -0.1844 1.2868
5.3231 -2.3096 0.057724 2.3547
3.3314 -3.0093 1.2715 0.667
4.3801 -1.6359 1.1398 -0.02814
4.798 -2.6326 1.8208 0.95588
5.5541 -0.68494 0.88849 -1.3432
4.1584 -1.8621 -2.4949 3.1477
3.4044 -2.7179 -1.5221 3.8037
1.9347 -2.333 -1.5046 2.3825
3.1436 -2.8699 -1.4426 3.6436
3 -2.5777 -2.6342 3.4839
1.2847 -2.1931 -2.7815 1.6876
3.5188 -1.8156 -2.2354 3.2827
2.583 -2.9205 -1.641 2.7271
2.8909 -2.0624 -1.4865 2.5806
4.5387 -1.617 -3.6591 3.6592
5.9076 -1.5718 -3.7827 4.3639
3.8011 -1.8332 -0.37498 3.2468
5.6109 -2.0364 -1.6801 3.4969
2.0519 -0.79309 -1.0273 -0.14974
0.24323 1.341 0.59076 -0.36558
0.87149 2.4041 1.1442 -1.3717
0.21022 1.1382 -0.73408 -1.4328
-1.7518 0.20924 -0.54541 -0.184
-1.8627 -1.1725 -2.2686 -2.0162
-0.76312 -0.71873 0.25417 -0.5767
0.38856 -1.7725 0.71612 -0.65736
1.0977 -0.53015 -0.39695 -0.22038
-0.45623 -2.2278 1.1954 -3.0787
-1.2522 -0.69457 -0.4533 -0.87462
-0.9273 -2.3452 -0.69117 -0.36196
0.0083896 -0.46421 -0.28018 -0.68517
1.9576 -0.20355 -0.043228 -0.57228
0.32587 1.0355 -2.7019 -1.1059
1.6487 -0.48161 -2.3393 -1.0462
1.908 1.7771 -0.54152 0.98867
2.4242 0.17895 -0.79669 1.6252
-0.21136 1.8744 -1.102 -0.11849
3.0995 0.24847 -1.7732 -1.7016
0.30045 0.4089 -0.35466 -1.7307
0.14266 -1.3178 -0.0021171 -0.22315
2.3615 0.21838 0.24116 -1.1662
2.8225 -0.11351 1.6756 -0.021918
1.5116 1.3592 0.64947 0.0026731
3.0322 -0.0060876 0.1353 -0.62825
3.5611 -1.0378 -0.18322 -0.26957
0.94869 -0.48308 -0.63667 -0.38661
2.523 -0.089411 -0.82342 -0.46694
-1.7387 3.4997 0.4511 -2.3691
-0.094936 2.128 -0.86347 0.45849
-0.051925 2.8808 -1.0711 0.48512
-2.6155 3.1996 -0.71402 -0.43084
-1.2759 1.1512 -0.63481 -0.89963
-3.3132 -2.2013 0.067582 -1.6685
-1.8944 -2.1452 -0.82559 0.89201
-1.5869 -2.4257 -0.14213 -0.80781
-0.80081 1.3221 0.0013562 0.94222
0.21107 -0.41743 0.091919 1.2584
1.2138 0.077473 -0.73466 0.77058
1.9721 2.0028 0.067114 0.52842
-0.038175 0.39802 0.06955 -2.8738
1.2319 -1.0866 -1.6179 -0.0095617
-0.31711 -0.54106 -1.3375 0.45562
0.18994 -0.73364 -0.53703 0.39168
-1.5061 -0.13795 -0.98116 0.1363
-0.28771 -1.8721 -0.020105 0.56779
1.1704 0.2563 -0.98202 -0.0738
0.25593 1.3474 0.42614 -0.77631
1.3828 -1.1825 -0.48899 -0.26783
1.7721 0.48815 -0.74929 0.49873
0.60765 -1.586 -0.85033 -0.061234
-0.34991 -0.21462 -0.35155 1.0592
0.45624 0.67335 -1.1384 -0.87739
0.20829 1.08 -0.49964 -0.73033
0.64501 -0.36335 -1.4429 0.64268
0.91249 1.7261 0.29317 1.685
-0.39087 0.82822 1.9262 -1.4188
2.3588 0.12936 0.94311 -0.42922
-2.0415 6.5028 1.199 0.84372
-1.6112 7.3175 0.54345 1.7229
-3.1866 5.1669 -1.1804 1.5119
-2.9541 4.9151 0.96335 -0.28107
0.23255 0.23384 0.23696 0.73572
-2.3988 2.6745 0.14655 0.64116
-3.896 0.90241 -0.47712 0.034956
-2.0293 1.5119 -0.8911 -0.011525
-3.4209 1.189 -1.1104 -0.23565
-3.6411 -0.34884 0.17157 0.47835
-2.6141 -0.15126 0.73571 -0.618
-2.8972 2.786 -0.22594 1.6966
-1.1804 1.5451 0.31752 0.085277
-1.7879 1.6634 0.32793 0.99268
0.28578 1.7345 -0.39671 1.5085
-0.062573 2.1408 -0.013419 1.7727
-0.35619 3.496 -0.83273 2.0977
-0.20422 3.4963 -0.35927 1.9174
-2.5113 6.726 0.28039 3.0303
-0.019344 4.6948 0.18715 2.8364
1.1351 2.1278 0.20202 0.3061
-0.44142 4.1635 0.18747 1.9281
-0.17468 1.4402 -0.533 1.8261
1.942 1.096 -1.2723 2.7095
0.38836 -0.48082 -0.131 -0.70567
-1.6196 -1.0777 -0.78716 -1.0919
2.4596 -1.8325 -0.52062 -0.17593
0.76035 -0.391 0.54739 -0.40697
0.45744 -1.7521 -0.38343 1.9358
-0.2529 -1.5442 -1.6229 2.7898
0.17377 0.81151 -0.71186 0.46183
-0.11612 0.4098 0.14521 0.57132
-1.6142 0.19487 0.047405 0.20953
0.83098 0.099083 0.4182 0.3469
1.0058 -2.2082 -0.22594 1.5352
1.0777 0.059463 2.3626 -0.27001
0.32552 -0.85285 0.24959 2.0127
0.044979 -1.0289 -0.24067 1.9689
1.9543 1.0336 0.89675 -0.59771
-0.60038 -0.8816 -0.17404 2.2341
-0.44255 1.7769 -0.88123 2.8859
-1.0855 -1.5832 -2.7048 1.2991
-2.2996 -0.27199 -0.79214 2.3128
-0.88214 0.40526 -1.9265 0.15592
-2.323 0.076582 -1.278 0.47802
-3.9654 0.40778 -0.036181 1.3517
-2.9415 2.3961 0.66211 0.27679
-2.1218 4.3913 2.4986 -1.2516
-4.868 1.0358 1.1323 -0.90844
-2.6168 0.86191 -0.34711 -0.38666
-6.1991 2.8923 -1.7372 -0.91888
-1.8038 -1.161 -0.62547 1.8876
-1.6348 -0.21971 -1.1512 -0.04436
-2.2239 0.86842 -1.4938 1.8769
-2.4017 3.5733 -1.16 0.45993
-0.1045 -0.83265 -0.026444 2.4223
-2.1941 0.77246 -0.27372 2.2378
-2.2747 2.3764 -1.4027 2.0918
-1.9193 1.8119 -1.3677 2.0408
-3.7849 2.035 0.27911 1.071
-1.3275 0.08063 -0.92641 2.6299
-2.2089 1.0835 -0.65347 3.0999
0.52053 -0.88904 -1.027 2.0093
-1.5717 0.54569 -1.628 1.2615
-0.45204 0.86975 0.27518 0.91862
-0.034521 -1.8981 -1.1956 0.043435
-1.5105 -1.8778 -0.87036 -0.67354
-0.74732 -0.85565 -0.10287 0.70118
-0.44813 -2.3065 -2.628 -0.36475
-0.059446 -1.0446 -1.2319 1.1555
-0.61529 -0.10151 -1.6493 0.26581
-0.79381 -1.6603 -1.8268 0.58525
-1.1792 -1.2473 -1.4691 -1.1293
-2.1502 -2.4691 -2.063 -0.75666
-1.0195 -0.12036 -1.1922 1.393
-2.2025 1.904 -1.6139 2.6903
-1.7785 2.5688 0.30427 1.3415
-2.472 1.2189 0.43186 0.95866
-0.98928 2.3587 -0.45331 -0.4413
-2.4095 -0.83908 -1.9589 -0.8818
-4.6599 -3.1396 -0.26019 -1.2879
-2.4994 -2.9514 -0.84182 0.013867
-1.1747 1.0971 -0.70129 0.90739
-2.4243 0.060199 1.0656 1.8278
-1.4787 -1.0386 0.59927 0.57413
-1.8987 1.2591 -0.23518 0.42139
-0.43295 0.17902 -0.41593 -0.30903
-0.86687 0.28309 -0.39096 0.64992
-1.8222 -2.6991 -0.85589 0.76443
-1.1174 0.84239 -0.68185 -1.8113
-0.88017 -0.49399 -0.78344 -2.1466
-0.19532 0.88825 -0.86091 -0.4892
1.6984 0.91556 -0.44833 -0.6017
1.9978 1.6254 0.14206 -0.22495
-0.13821 1.0605 0.41581 -1.4516
-0.55518 -0.69785 -0.43254 -1.4198
0.1448 1.5018 -1.0635 -2.0492
1.289 0.94771 -0.51641 -1.2941
-1.7518 0.29952 -0.62665 -3.1608
-1.9289 -1.3466 -0.82679 -2.6779
-2.6481 -1.1693 1.0222 -1.5783
-3.0568 -0.52254 1.6309 -2.4512
-2.371 -0.45347 1.231 -2.2447
-3.1396 -1.7921 -0.43078 -1.005
-1.7268 -1.1822 -0.99128 -0.64437
-1.5829 -0.63277 0.66629 -1.53
-2.5373 -2.1725 -0.1339 0.3428
-2.8216 -1.8272 0.22372 -3.0535
-2.6637 -0.40573 1.1174 -4.4395
-2.6552 0.65992 0.035741 -3.5737
-2.4214 0.1584 0.20804 -3.4792
-1.9251 -0.57836 -0.063379 -3.5733
-2.3412 -1.1551 -1.3749 -2.817
-2.3462 -0.2095 0.10221 -1.7348
-3.7269 -2.0425 -0.092138 -2.3516
-2.9101 -3.0073 -0.0090652 -2.9496
-3.1183 -2.7601 -1.2413 -2.7097
-3.9386 -2.5884 -1.2103 -1.9667
-3.0193 -2.3383 -1.547 -2.6143
-2.7729 -2.7137 -0.63258 -2.93
-2.0556 -2.4457 -2.3811 -3.0804
0.085672 -2.2268 -0.51298 -1.462
-1.7951 -1.606 -0.66514 -2.4351
-1.5679 -2.4671 -1.1893 -1.4742
-0.57777 -2.0915 -0.083989 -2.351
-1.4665 -3.1972 1.1297 -4.6837
-1.0258 -2.127 0.27628 -2.8117
0.66048 -0.56894 -0.34022 -1.9357
-0.60679 1.5462 3.2794 -4.5635
-2.7484 0.80747 1.5204 -6.2324
1.8096 -1.5113 0.80814 -1.7262
2.4859 -1.811 -0.28631 -2.9279
-1.3459 4.2366 0.77741 -3.5341
-0.48516 -1.2454 0.53004 -2.5828
-0.18423 -1.0178 0.6984 -1.2299
-3.0783 1.0944 0.46257 -3.2873
-2.6495 2.6542 1.5284 -3.1071
-0.54587 0.71445 1.3532 -1.6406
-1.0205 -0.93125 1.8322 -2.0098
-0.56111 -1.0947 1.9707 -0.83014
-2.0363 0.60649 -0.36046 -2.8444
-0.82703 -0.98567 2.0033 -2.6648
2.5458 -1.5419 1.041 2.3517
3.2143 -1.8858 2.1754 0.64178
3.5216 -2.4834 5.0292 -0.40252
1.6855 -2.1326 0.81728 -0.93358
1.9597 -0.83427 1.7437 0.75593
3.5352 -1.8697 1.1813 1.9562
3.8277 -1.4885 -0.38369 1.3327
3.1876 -0.96415 1.284 1.3005
2.2041 -2.3103 3.0178 -0.90751
4.3318 -0.46618 1.7688 0.073849
3.0643 -1.3059 0.42301 0.55908
5.1617 -1.1545 0.7045 2.7317
3.9815 -0.25246 3.9227 0.87288
4.4447 -0.78065 1.9126 1.0602
2.8434 0.39403 3.6945 0.97307
2.9759 0.16051 -0.14569 1.2082
5.4712 -1.4858 1.8138 2.8909
2.2943 0.050684 2.8843 1.2266
2.4979 -1.0433 3.8828 0.50388
2.8746 -0.34814 2.2087 0.67958
0.64719 0.46774 2.9129 -0.98722
1.625 0.21429 2.0359 0.20356
5.379 -1.4875 -0.29898 3.9464
1.9808 -0.66726 2.8659 1.622
3.2288 -1.0007 0.86655 3.4129
4.1182 -1.727 -1.178 3.2485
3.649 1.7438 0.15651 2.2883
1.5153 -1.6617 2.2385 0.59006
1.4291 -1.4103 0.86697 1.3882
1.7379 0.94862 1.2656 3.1168
2.441 -1.6698 2.6581 2.8213
3.0373 -2.5003 1.4186 1.3948
-0.97315 -2.2102 -0.60466 3.3482
3.1437 -1.0938 2.5483 1.8079
2.3629 -0.89317 3.1484 0.50544
6.1137 -1.1457 1.0934 1.4923
6.5434 -0.70211 2.0791 1.9537
4.7448 -1.2293 2.6669 1.0213
3.2481 -0.10251 2.464 0.86287
4.7018 -1.7947 3.9411 0.41294
6.4575 0.11332 2.958 0.63049
1.0346 2.1271 3.6188 1.1102
0.80672 -0.73833 1.2389 1.9717
3.784 -1.7906 0.79398 0.32639
1.7544 -2.1713 2.3363 -0.2042
-1.2769 -0.28115 3.4265 1.4764
5.3499 -0.59313 2.7878 1.298
4.739 -1.5484 -0.033302 1.8546
2.5047 1.5744 1.5171 1.9468
2.314 -0.71741 1.9586 2.4161
2.6055 -0.40123 2.5306 0.90804
1.471 -0.34134 3.6106 -0.30779
1.5281 0.53794 4.2424 -1.1406
3.8577 1.42 3.733 0.24925
2.0178 3.2298 3.9589 -0.11453
1.2774 -0.66552 1.1609 -1.5784
3.7455 -1.0637 0.49903 1.3834
2.9267 -1.1751 -0.89901 1.8231
3.1262 0.53928 2.169 -0.056258
1.7072 0.18395 0.50633 0.76215
4.2185 -0.90947 0.9636 1.4434
3.2381 -0.088766 0.9478 0.5144
4.7936 -0.052748 2.7958 1.2737
3.8103 0.012411 3.0354 0.75413
4.4754 -0.39757 3.9731 0.53516
3.3773 0.011036 2.1021 -0.48006
3.739 -1.5764 2.1732 1.0069
0.56885 -1.8079 1.6757 -1.2289
3.78 -2.5169 2.1628 0.79224
3.7341 -2.67 1.4624 -0.15091
2.4593 -0.35408 1.187 0.97427
2.8514 -1.0412 -0.08453 0.54684
3.3717 -1.8773 1.262 -0.50773
2.2613 -1.7513 1.4264 -0.77019
1.2621 -1.6281 1.9835 -1.8553
1.4648 -1.572 1.9025 -1.8393
1.0472 -0.23502 1.7293 -1.7947
2.1638 -0.60473 2.8746 2.2553
5.2006 0.0015669 1.6535 1.3177
3.8351 -0.9046 1.7862 1.1362
3.7478 1.1827 1.6222 0.97479
1.4023 -0.85679 2.1363 1.038
2.9706 -0.33099 1.8613 0.98134
3.748 -1.0494 1.3674 0.49503
1.0351 -0.7279 2.9704 0.51957
0.29439 -1.3458 2.1568 -0.9073
3.242 -0.78221 1.7026 0.71796
1.5618 -1.7339 2.6742 -1.3509
1.6426 -1.9971 3.1141 -0.11629
3.0016 -1.7821 0.76075 1.6619
3.0438 -2.259 1.7446 -0.24466
3.7394 -2.1796 2.9667 1.4301
1.2735 -1.9354 1.1607 -0.64389
1.3883 -1.7517 2.0502 0.63333
1.6012 -2.3233 1.3237 1.8733
1.7959 -2.338 0.58444 0.87147
1.3994 -2.4031 1.6463 0.70542
1.7017 -1.8517 2.5522 -0.011607
1.2057 -2.1335 -0.36802 1.0348
3.145 -2.2431 2.0916 0.44659
3.7346 -0.80855 3.9397 1.913
2.6207 -1.2623 2.6963 -0.2671
2.5438 -0.90846 2.6004 1.8359
2.3415 -0.96899 4.845 0.09174
3.602 -0.74467 3.9505 1.6165
1.557 -2.2375 3.6831 -0.452
2.8526 -1.4184 3.9054 1.066
2.1919 -2.0289 3.4653 -0.4941
1.3187 -1.3699 4.5548 -0.77034
1.3458 -1.8428 4.1692 -2.1614
1.9452 -0.60042 2.0671 0.48975
2.5648 -0.36248 2.6804 0.25555
2.242 -1.1347 1.411 -0.5606
1.5881 0.548 3.5006 0.40947
2.243 -0.91942 4.6965 -2.2363
0.079176 -2.0096 3.2412 -3.3528
-1.4558 1.3744 2.9268 -2.2612
-1.8005 2.4356 3.1886 -1.5029
-2.7978 2.3886 2.6804 -1.7258
-0.37496 1.9013 2.6573 -1.5951
-1.3808 3.8356 2.4093 -0.92688
-1.898 6.6203 1.8121 1.0839
-1.9156 6.3135 2.9954 -0.13642
-1.3889 4.8189 2.7502 -0.93331
-0.28581 5.0345 3.6118 -2.4191
0.44963 6.0153 3.3336 -2.6715
1.32 3.4463 3.2524 -1.7362
-3.1724 4.0091 1.4993 -2.3195
-2.5078 -1.3982 -0.8919 -1.3259
-3.4805 -1.7505 -1.0294 -1.6234
-3.6699 -1.7273 0.56672 -2.1299
-4.5935 -1.6186 -1.119 -0.96356
-2.5915 -1.8743 -1.1495 -1.3932
-4.7938 -2.804 -0.26729 -1.7357
-2.7662 -2.5954 -1.0718 -0.15617
-3.5854 -1.0326 -0.46891 -1.0355
-2.6206 -1.7077 -0.44481 -0.35103
-1.8057 -1.2947 0.24749 -0.69342
-0.87998 -2.5441 -0.63463 -3.1201
-2.257 -0.71141 0.9822 -3.5539
-1.6217 -1.1367 0.35082 -3.5686
-2.2278 -2.2185 3.1267 -2.5316
-2.2322 -0.53532 1.4104 -2.5296
-1.7129 -0.58536 2.1697 -4.5234
-2.968 1.8149 0.8982 -2.5132
-1.1825 -1.6376 2.0649 -1.8152
-2.3336 -1.3786 2.8423 -1.7104
-2.8502 -1.8647 1.6132 -2.93
-2.4066 -0.32312 1.4766 -2.0426
-2.7097 0.47392 2.8468 -2.6574
-1.1324 -1.6924 1.2443 -2.2871
-3.4443 0.74115 -0.2897 -0.045662
-4.7396 1.262 0.3853 -1.0659
-3.8378 -0.32432 0.63203 -1.0759
-3.2395 0.047104 -0.26135 0.025536
-6.3254 3.2667 -0.41389 0.17502
-5.5053 1.5533 0.87902 -3.0723
-4.5973 -0.082085 1.1747 -0.59058
-3.7432 0.52469 0.42225 -1.7757
-4.1974 -0.57872 0.27827 -2.2508
-4.0067 -0.33634 0.36061 -2.2376
-4.4176 -0.15595 0.75619 -2.6446
-4.2528 0.022783 1.4793 -2.4543
-4.8898 1.2704 1.311 -1.5121
-2.9302 2.4716 1.3367 0.74559
2.7349 -0.27393 -0.77886 0.11196
2.6833 -1.1266 0.61548 1.6456
1.9996 -0.90974 -0.88757 1.9493
0.99019 -1.8395 3.4083 0.45625
-0.17175 -2.5264 1.5409 -0.47471
4.1905 -1.7168 -1.6308 2.4278
2.0882 -0.65428 1.5528 0.37031
0.092399 -1.5457 -2.0422 4.6835
-0.75077 -0.24022 -0.057706 3.0152
1.5776 -0.98058 1.9478 -0.26803
1.8706 -1.7038 4.4508 -0.47325
3.269 -1.7118 0.80453 1.1967
-3.1101 2.6456 -0.47098 1.599
3.4858 1.7638 0.52693 0.30843
1.8473 1.652 2.1341 0.032742
1.2914 -0.99759 -1.5718 1.2877
2.8077 -0.024053 1.6292 -0.20166
1.4699 -0.9568 0.84766 0.87514
0.83233 -0.050417 0.59592 2.005
2.2008 -0.81205 1.274 0.40479
2.5887 -0.28074 3.7554 0.21918
2.415 -0.67633 -1.6028 2.8229
0.83366 -2.8486 0.024359 -1.7536
0.57033 -2.0017 -0.71633 -0.28042
1.4073 -1.5462 0.64115 0.22447
1.4757 -1.9299 1.6092 1.8088
2.6193 -2.0244 -0.38177 1.5564
1.6191 -2.0814 1.2149 3.2732
1.9015 -2.2872 -0.28675 1.8005
2.5999 -2.6972 0.41029 0.99865
2.4422 -1.5351 -0.099631 1.9547
2.0293 -1.2023 -0.17542 0.57411
1.8469 -1.9988 2.6386 0.017173
0.95807 -1.8541 0.38965 0.032406
0.019954 -0.48665 -0.46638 0.87757
1.0614 -2.0427 0.32301 1.2071
1.8663 -2.2875 -0.40763 0.62668
1.7034 -1.746 1.1416 0.40074
-0.42022 -0.77168 -0.46217 0.66025
-0.20147 -0.61797 -1.3116 1.2797
0.18468 -0.28151 -2.0385 1.1646
1.3629 -2.4492 0.49505 0.48013
1.3122 -1.9706 -0.98443 1.0368
1.1105 -1.7441 0.070657 1.157
3.6885 -1.8685 -1.18 2.1689
1.7375 -0.8213 0.5377 0.1353
2.7044 -1.6382 1.0795 1.4192
1.6475 -1.4287 2.4506 -0.63364
1.2823 -1.5708 -0.092955 0.97203
1.3905 0.9567 2.6037 0.55297
1.5251 -2.1032 -1.7834 0.32708
-0.55456 -0.74415 1.2476 0.41148
-1.3806 3.3411 0.55644 -0.29574
0.46955 4.0552 1.9968 0.30157
1.5502 0.8078 -0.79328 -0.9183
1.0066 2.8397 -1.4513 -0.25251
-0.73011 1.8912 0.24578 -1.9188
-4.2698 1.3037 -0.3383 -0.61504
-0.063706 2.0997 -0.98144 -1.0776
0.23231 2.416 1.671 -1.5772
-2.1404 1.5071 2.4966 -2.7006
-1.8934 0.098366 1.1188 -1.777
-2.3088 -1.787 0.037575 -1.1275
-1.9158 -0.77966 -0.69125 -2.1881
1.1017 2.0132 2.2907 -2.9444
0.35841 2.1464 1.2606 -3.2378
-0.59054 0.76327 1.0429 -2.1104
1.5864 -0.70885 -1.4409 -2.2926
0.72346 0.17016 1.2302 -1.9742
1.5022 -0.7734 -0.48903 -1.3494
-1.7066 -1.1552 0.32069 -1.7477
-1.8497 -0.72092 -0.32064 -3.789
2.4041 0.35383 1.6897 -2.1101
-0.06315 1.2225 1.0624 -1.6284
-3.8428 -1.6557 0.95815 -2.0273
-1.555 -1.0724 -0.26942 -2.8571
0.22513 -0.74228 1.9483 -1.8749
-0.92165 -0.56526 0.94855 -3.8331
0.13291 -2.1243 -1.0135 -3.4391
-1.1108 -0.90681 0.1981 -6.3338
-0.05222 -1.9019 0.5136 -5.7767
-0.71275 -0.31624 0.33403 -3.0854
0.12834 -2.4713 -0.84291 -1.819
-1.5101 0.59081 -0.18411 -1.2782
-0.56569 -1.3096 0.54218 -1.7371
-0.37799 -0.66981 -0.24833 -1.294
0.13195 -2.0109 -0.049254 -1.9218
0.016002 -1.7241 -2.1325 -1.7935
-2.5933 -0.26844 -0.67858 -2.9373
-0.59411 -0.2088 -1.8488 -2.4492
-0.76662 -1.0413 -0.56027 -2.7897
-1.3059 -0.063831 -1.4608 -2.6026
1.2085 0.5502 0.27912 1.2105
0.097875 0.57509 1.0573 0.32027
-0.30618 0.21444 0.084323 1.308
-1.24 0.10076 -0.39938 0.71624
-0.59035 -0.59768 0.33991 0.52936
-1.6733 1.3082 0.57495 1.2179
-0.93245 0.33498 -1.3513 0.538
-1.3606 -1.5221 -1.5057 2.0163
-2.3508 0.1448 -1.3049 1.7879
-1.7413 0.19074 -0.4186 1.7236
-1.547 -1.0325 -0.25149 1.398
-1.1492 -0.55641 -0.66811 1.8035
-1.9393 0.18671 -1.5538 0.47851
-3.2618 1.3574 -1.5342 1.3522
-1.8007 0.44688 -1.1933 0.59255
-3.3448 1.7965 -0.53085 -1.1641
-3.2255 0.50633 -1.4299 0.32979
-2.5742 0.84575 -0.97168 0.94429
-2.2492 0.14839 -0.49333 1.347
-0.57277 -0.29486 -1.1209 0.28164
-2.5222 2.034 -0.85367 1.5579
-3.9045 1.9051 -0.57848 0.80282
-3.5282 2.8429 -0.90065 1.5337
-1.7393 -0.69233 0.20961 1.8746
-4.4625 -1.732 -0.02358 2.2262
-0.95564 -0.12129 0.62973 1.1747
-1.4588 1.2559 0.36621 0.62316
-3.0379 -0.19377 -0.46541 1.8855
-2.3133 -0.20466 0.36766 0.99444
-3.0221 2.2382 -0.52398 2.1558
-1.6616 -0.51936 -0.53373 -1.0929
-1.374 1.1912 -0.30597 1.7566
-2.4613 0.034447 -0.89147 -0.30241
-1.7139 0.44286 -0.46588 1.856
0.011709 -1.2424 0.49254 1.0199
-2.5181 -1.0317 -0.59749 -0.36033
-3.0025 4.317 -0.72851 1.1632
-1.4447 1.15 -0.74267 0.93237
-0.80618 -0.14976 -0.68276 1.6075
-1.1906 -1.2867 -0.45067 0.47142
-2.1825 -0.25427 0.083593 1.1484
-2.3263 -0.44727 -1.0965 0.37194
-3.2349 1.07 -1.4121 1.1654
-3.4634 1.9655 -2.8023 1.2442
-1.3649 -2.0098 -1.3447 0.87523
-2.2097 -0.52888 -0.22475 0.01135
-0.57326 0.92692 -0.3197 1.5526
4.135 2.3496 1.1249 1.6508
3.263 3.0237 1.5266 2.5303
3.4972 1.0812 -0.18447 0.46114
2.0319 0.45595 0.96943 1.3704
1.1828 -0.018604 0.68762 0.86249
3.0286 2.0677 -1.2924 1.2867
1.919 2.1314 -0.74554 1.2346
2.4025 1.4331 0.029581 1.9331
5.7586 1.6682 -1.4972 1.78
4.2314 3.4924 0.36417 2.4941
3.3572 0.53744 -0.090439 2.2427
1.2654 1.1139 -0.98222 2.9973
-1.6924 -0.53322 1.7293 1.2217
0.72364 -0.19642 -0.9042 3.1561
0.21287 1.4089 0.95961 2.6726
-0.62118 0.608 0.34084 3.9511
1.077 1.1185 -0.020741 3.0904
0.26866 1.6779 0.65046 3.6412
1.7171 0.14378 -0.6462 2.9015
1.4049 -0.56216 -0.57814 3.1308
0.33096 -0.20801 -0.14567 3.3596
-2.8986 -1.4741 0.80529 4.4949
-1.2666 0.24195 0.75708 3.6402
1.6744 -0.60411 -0.58063 3.3999
0.85873 -0.3254 -1.3559 2.631
2.5887 -1.4324 0.58711 2.7705
-0.53151 0.28632 -0.73314 3.405
-0.29154 0.066363 0.86503 3.0213
1.1657 0.78371 -0.87699 2.4891
0.46105 -1.9988 -1.2187 3.0784
-0.30893 0.84835 1.2242 3.422
0.131 1.3299 -0.0048835 3.5719
1.911 1.7878 -0.97618 4.0265
0.74383 0.25002 -0.32433 2.9871
1.7187 0.31883 0.2204 2.1693
-1.3659 -0.84626 0.12017 2.4143
2.417 -0.88825 -1.1492 3.2614
1.1021 0.14982 -0.66396 3.5867
2.5264 0.6472 -3.2301e-05 3.7875
-1.1025 2.813 1.4835 3.0687
-1.447 2.3011 1.7635 3.5043
-0.30143 1.5568 0.91044 3.718
0.23959 -1.8848 -0.48826 4.1367
0.30658 -0.20108 -0.041315 3.3164
0.94415 1.3116 0.31385 2.7282
-0.81693 1.9098 0.31874 2.1843
-0.85949 7.079 0.60656 -0.28723
-1.265 4.1089 2.8359 -2.4314
-0.70443 3.0443 4.3241 -3.4744
-0.50202 2.9136 4.7354 -3.8205
-1.2986 3.8019 0.73166 -2.196
-1.9181 3.7991 2.149 -1.6462
0.88681 5.1476 2.8624 -1.0985
1.4679 2.1749 1.4128 -1.2525
0.82117 0.64658 0.36256 -0.74954
-1.7268 1.7591 1.4986 -2.7698
-1.9158 2.0562 2.421 -2.7128
-2.4649 0.86316 1.2957 -4.5399
-2.2404 0.78475 1.6662 -1.4887
-2.044 2.6122 3.6708 -2.3242
-1.7695 3.0572 -0.20582 -1.2239
-2.9879 1.1122 -0.26295 -0.67946
-1.1102 1.7278 -0.040393 -0.82988
2.2016 2.971 2.1881 -1.2605
-0.99952 5.0846 3.8572 -2.7074
0.14603 3.4156 2.8403 -1.9316
0.48464 3.126 2.7825 -2.0279
-2.1931 1.0149 0.57634 -1.6494
-0.067284 1.1855 -0.73913 -0.46959
0.16819 3.0251 -0.38905 -0.0072026
-1.62 1.1778 -3.6695e-05 -2.6355
0.14945 1.9809 1.2148 -2.94
-1.9928 1.9635 0.53954 0.73634
-0.74737 0.9714 -0.082929 -0.52376
-2.5158 1.5091 -0.90093 -2.0557
-2.7124 0.67458 -0.39938 -1.194
-2.2156 1.8886 0.14332 -1.1441
0.5591 4.6232 3.4349 -0.97647
0.012931 3.996 3.5168 -1.7081
0.72535 2.2834 3.4337 -0.96493
-0.99637 4.0754 0.19912 -1.5462
-3.4362 3.3732 0.63469 -2.0762
-3.1871 2.7283 0.28822 -1.0067
-2.2354 1.5861 -0.82306 -0.32738
-3.5264 4.0454 0.30456 -1.4584
-3.554 0.8366 0.19077 -2.4119
-4.0837 1.8426 1.0421 -2.5574
-3.2324 3.1717 0.51834 -1.0253
-2.3457 3.0649 0.58511 -0.94248
-3.4448 0.52826 0.41769 -1.3873
-3.759 3.842 0.28104 -1.1689
-2.8717 2.6594 0.74233 -1.9892
-3.3209 0.58098 0.39918 -1.0759
-4.2908 3.2959 0.40379 -1.8355
-0.16701 0.14241 1.2318 -2.6592
-1.0892 3.3836 0.95105 -2.7513
-1.2027 -0.19615 -0.63652 -2.6495
-1.0521 -3.127 -0.81416 -1.3947
-1.3768 -3.0908 -1.0117 -1.3317
-2.192 -2.421 -0.032894 -1.685
-1.7337 -2.9308 0.062928 -2.3567
-2.0523 -1.2121 0.40053 -0.71141
-2.0525 -3.5424 -0.88035 -2.6758
-0.11401 -1.1181 -1.085 -0.41629
-0.95675 -0.64288 -1.1865 -0.37568
-2.5969 -0.32406 2.0322 -3.7512
-2.1239 3.2211 0.78992 -2.0047
-3.8115 -1.0902 -0.93783 -0.76949
-3.7388 -0.90079 -0.75291 -3.825
-5.5242 -1.6933 -3.0151 -2.3362
-3.1347 -0.083902 -1.1496 -2.751
-2.8264 0.89821 1.1858 -2.4177
-3.9391 4.3356 -0.3608 -3.064
-1.9459 3.2842 0.052548 -2.8918
-2.6385 4.9492 0.019835 -4.1834
-3.1516 0.67601 -1.0433 -1.8904
-3.107 -0.63935 0.78316 -1.8294
-3.5937 -1.6355 -0.73365 -1.9838
-2.7366 -1.4732 -0.7586 -3.2903
-2.9103 -2.4907 -0.42586 -0.89855
-2.1782 -1.9659 -0.79264 -0.96564
-3.2321 -0.32025 0.047673 -1.0524
-2.3173 -0.2818 0.1991 -0.99938
-3.2661 -1.2519 -0.027747 -1.259
-4.1877 -1.6748 -0.65444 -2.5409
-2.7658 -2.6395 -0.93717 -1.2052
-3.4154 -1.7995 -0.8306 -1.7672
-3.2663 -1.2377 -1.2563 -2.558
-1.3973 -1.5069 -0.53743 -1.1876
-0.62273 3.4945 2.5075 -3.0881
-2.3404 3.7501 1.301 -3.2667
-2.1035 2.9832 -0.439 -3.8473
-1.9981 1.4034 0.56319 -1.7397
-1.9894 1.9604 0.72153 -3.4826
-1.4269 2.4596 0.10897 -2.3111
-1.0064 -1.5869 -0.37542 -2.0914
-3.2144 -0.062993 -0.76606 -3.1155
-1.0683 -0.22279 -0.63217 -1.4748
-1.5855 2.0323 -0.036397 -1.6103
-2.3584 1.719 -0.60817 -2.7137
-3.8904 0.78872 -0.44672 -2.2372
-1.5162 0.35179 -0.85771 -1.2381
-1.6656 0.63513 -1.0599 -2.2905
-1.3043 4.4012 2.0349 -3.3249
-1.9924 -0.59221 -0.74135 -1.8144
-1.4183 -1.546 -1.0025 -2.8986
-2.0947 -1.4458 0.46041 -3.0552
-2.5161 -1.5507 1.37 -3.4992
-2.9093 -1.9637 1.0031 -4.0135
-2.3945 -1.7535 0.87146 -2.535
-1.9811 -2.6659 -0.046523 -2.3411
-2.2834 -1.9007 0.12725 -2.8794
-5.4436 -2.8499 1.4809 -3.4763
-2.7631 -3.3721 -0.27073 -4.2389
-4.0406 -3.0377 -0.39842 -3.7365
-3.7565 -2.5829 -0.20619 -2.3548
-4.7722 -1.9439 -0.15953 -2.3453
-4.0941 -2.6391 0.5573 -2.6961
-4.4191 -2.6497 0.62415 -2.4661
-3.8223 -2.53 1.0474 -2.0288
-3.7293 -2.3477 -0.15458 -3.3614
-4.0182 -2.833 1.0055 -2.3331
-2.8905 -0.42393 1.3557 -1.6683
-4.1668 -2.5369 1.8108 -2.7744
-3.5736 -2.6007 0.37464 -2.6961
-3.1693 -2.0573 1.4564 -3.1578
-4.0369 -2.52 2.0189 -1.4697
-3.8484 -1.8988 1.0866 -1.7271
-4.4953 -2.0981 1.1208 -2.0779
-3.464 -2.5565 0.75494 -4.1103
-3.7906 -2.0608 1.3672 -3.0742
-3.9155 -3.0051 0.0057437 -3.1281
-3.573 -0.07249 0.87719 -4.2037
-3.1949 4.174 -0.83954 -3.8178
-2.4583 3.5837 -0.46296 -4.3195
-4.1518 1.8278 0.65577 -2.4836
-1.7475 -0.58871 -1.9171 -3.5547
-3.3798 -2.3051 -0.74436 -2.9236
-3.5278 -3.1005 1.2592 -2.3431
-3.0514 -1.6677 2.3955 -2.9611
-4.2933 -1.0994 2.9029 -3.0965
-4.905 -2.1757 1.7702 -1.583
-3.8808 -2.8351 0.4031 -3.1184
-3.131 -2.3631 1.4228 -2.4374
-2.1369 2.5329 1.079 -2.3984
-0.7572 4.2264 2.006 -3.5576
-1.2853 2.9427 2.1566 -3.1634
-1.1074 3.6564 2.4886 -2.482
-1.5728 2.2654 2.5987 -3.2124
-1.1618 2.3962 -0.073122 -3.46
-0.37764 3.4584 2.6537 -3.4586
-1.192 3.0536 3.3925 -3.0602
-1.2682 4.0984 1.6499 -4.2433
-1.6828 4.847 2.8176 -2.3299
-2.711 1.6517 1.4936 -2.3188
-1.7527 1.8581 2.4521 -1.9112
-1.6795 3.1677 2.1285 -1.9633
-2.4094 4.0755 0.91596 -1.7614
-1.2893 3.6745 1.9673 -2.2742
-2.8357 3.4512 0.12411 -2.3574
-1.9973 1.9286 -2.2449 -2.2897
-0.60003 2.2436 -2.2374 -2.7121
-2.1325 2.5601 -2.2328 -1.4099
-1.7788 0.0070738 -1.7601 -3.5472
-0.50739 0.96948 -2.854 -1.2854
-2.719 5.1864 -3.1648 -1.3416
-2.7734 4.9187 -2.8433 -0.13717
-1.7134 -0.053339 -2.0842 0.14656
-3.6073 4.0462 -2.1888 -1.2906
-2.9671 4.9645 -3.5376 -1.2962
-3.5292 8.1497 -1.941 -0.25727
-3.1795 3.8055 -1.6846 -0.93008
-2.8005 4.8098 -2.2641 -2.2626
-2.428 2.9188 -2.3087 -1.7659
-2.8165 4.2507 -1.4682 -2.2014
-2.385 3.0552 -1.4279 -2.1789
-2.9936 0.95318 -1.7903 -2.1084
-3.6162 4.4635 -1.4424 -1.6001
-2.5105 7.3285 -0.42806 -1.4874
-2.701 3.5954 -1.9316 -2.6934
-3.1688 2.7901 -1.5071 -1.9197
-2.5235 1.0506 -2.2139 -1.5981
-2.14 1.2246 -2.1989 -2.4213
-2.3292 4.2395 0.11103 -2.2599
-3.419 2.1625 -1.4858 -1.9511
-3.1692 4.6771 -0.62144 -2.9563
-1.0915 1.4894 -1.6377 -2.6604
-2.7741 1.0249 -1.6441 -1.9537
-3.2733 2.2188 -2.1378 -1.893
-2.7668 3.9209 -1.4962 -2.2843
-2.2666 1.6808 -1.3001 -2.4293
-2.0847 0.26365 -1.2617 1.5559
-2.0073 -0.64483 0.93365 2.2624
-1.3497 0.49165 0.56977 2.0165
-1.1869 0.022149 -0.47171 3.0996
-1.0382 -0.00052511 -0.5226 1.9906
-1.8192 1.236 0.74677 2.0803
-1.7224 -0.00039033 -0.068152 3.3403
-2.3403 -0.36897 0.84507 3.2003
-1.1488 0.29244 0.75618 2.4735
0.70775 -0.92739 -0.63107 1.3422
-0.66199 -0.095512 0.050489 2.6908
-0.88328 0.46934 -1.0058 2.6165
-2.329 -0.47174 1.4871 2.4207
-0.28448 -1.822 0.90845 1.7979
-0.66401 -0.42462 -0.80646 3.2356
-0.98047 -0.58796 0.49508 2.8868
-2.1261 -0.94769 0.77422 2.3845
-2.0834 -0.48542 -0.40108 2.8483
-0.95863 -0.089736 0.08479 2.1149
-1.4562 1.0877 -1.3032 2.2255
-1.31 -0.51494 -0.50407 1.499
-1.865 0.41622 -0.19668 3.0952
-1.5367 0.034328 0.62344 2.5585
-1.0038 0.9063 -1.0728 3.7034
-3.2669 2.1381 -1.2062 2.5977
-1.8154 3.0014 -0.41971 3.0334
-3.2631 2.9391 -0.049295 4.0091
-1.1765 1.8692 -0.94202 3.3703
-1.0574 4.0235 -0.096417 3.9179
-2.4439 3.4666 -0.086727 3.875
-0.03036 2.314 -0.78131 3.3831
-1.822 2.0738 -0.6916 3.3181
-3.1086 2.8875 -0.34777 3.0607
-1.2985 1.6624 -0.097428 3.5939
-0.26974 1.0447 -0.55774 3.7763
-0.89944 1.5378 -0.64086 3.3472
-2.7694 4.2035 0.0052412 3.3217
-2.3483 4.2137 0.59314 3.3461
-0.23648 1.9839 -1.1857 2.9608
-1.7226 1.3885 -0.44202 3.2488
-1.3965 2.5869 -0.03891 4.2213
-2.4644 4.1403 -0.37469 4.4861
-1.2486 3.0911 0.027404 3.1544
-3.1569 2.9563 0.23737 3.1879
-3.0705 1.7772 -0.31765 3.4621
-2.3114 3.8713 -0.049839 3.2685
-2.4002 2.3943 -0.45311 4.6338
-2.4666 5.0844 -0.16578 3.2535
